0.5 0.43571192561150107
0.55 0.4426638094335489
0.6000000000000001 0.440322372047388
0.6500000000000001 0.4422584678660984
0.7000000000000002 0.44587442452563697
0.7500000000000002 0.4316496578320012
0.8000000000000003 0.4347169141291001
0.8500000000000003 0.43244953830648214
0.9000000000000004 0.43052257597005805
0.9500000000000004 0.43337165999608457
1.0000000000000004 0.43760816663896457
1.0500000000000005 0.43318146836883814
1.1000000000000005 0.4296487370904051
1.1500000000000006 0.42642208305673246
1.2000000000000006 0.4260493948720874
1.2500000000000007 0.4272309485244735
1.3000000000000007 0.42538710886762465
1.3500000000000008 0.4225875086161019
1.4000000000000008 0.42946316280427055
1.4500000000000008 0.42504890587515026
1.5 0.4282415618671673
1.55 0.4311959209342994
1.6 0.42787290757511004
1.6500000000000001 0.42408838477693567
1.7000000000000002 0.43931854028792006
1.7500000000000002 0.4220490265803426
1.8000000000000003 0.43869095904444233
1.8500000000000003 0.4275544499632026
1.9000000000000004 0.43713043655783934
1.9500000000000004 0.43570338685734905
2.0000000000000004 0.4274572191198726
2.0500000000000007 0.43386156783478247
2.1000000000000005 0.44513092501530294
2.1500000000000004 0.440111689476506
2.2000000000000006 0.4385437762651715
2.250000000000001 0.4540112761607675
2.3000000000000007 0.45841157396458704
2.3500000000000005 0.4540952482278066
2.400000000000001 0.4461479507628219
2.450000000000001 0.45180763156891834
2.5 0.4452536526166186
2.55 0.432152167477154
2.5999999999999996 0.43073385151528915
2.6499999999999995 0.4313425508711806
2.6999999999999993 0.4148971400992852
2.749999999999999 0.4187978704950492
2.799999999999999 0.413392247224796
2.8499999999999988 0.41272285156281957
2.8999999999999986 0.4045097982335364
2.9499999999999984 0.4059815997260688
2.9999999999999982 0.4078479837096568
3.049999999999998 0.40149751403600925
3.099999999999998 0.3857869788463223
3.1499999999999977 0.39340063263648684
3.1999999999999975 0.4065363226072747
3.2499999999999973 0.396776300982448
3.299999999999997 0.39084066120375827
3.349999999999997 0.395681363191133
3.399999999999997 0.4070239022383618
3.4499999999999966 0.3973258488520897

